391 20
0     4.2410714286e-02    9.1517857143e-02    4.0178571429e-02    1.5625000000e-02    1.5625000000e-02    2.2321428571e-02    2.2321428571e-02    8.2589285714e-02    1.2053571429e-01    7.3660714286e-02    5.3571428571e-02    5.3571428571e-02    1.7857142857e-02    3.5714285714e-02    1.1160714286e-01    3.3482142857e-02    2.2321428571e-02    6.0267857143e-02    2.0089285714e-02    6.4732142857e-02
0     5.0279329609e-02    1.7318435754e-01    8.9385474860e-02    5.5865921788e-03    4.4692737430e-02    0.0000000000e+00    3.3519553073e-02    7.8212290503e-02    7.2625698324e-02    2.7932960894e-02    5.0279329609e-02    4.4692737430e-02    2.2346368715e-02    1.1173184358e-02    3.9106145251e-02    8.9385474860e-02    2.2346368715e-02    7.8212290503e-02    2.2346368715e-02    4.4692737430e-02
0     8.1196581197e-02    5.4131054131e-02    6.2678062678e-02    4.2735042735e-02    3.2763532764e-02    8.5470085470e-03    2.9914529915e-02    8.2621082621e-02    8.1196581197e-02    4.5584045584e-02    5.4131054131e-02    5.4131054131e-02    9.9715099715e-03    2.1367521368e-02    6.1253561254e-02    5.9829059829e-02    3.8461538462e-02    9.1168091168e-02    3.1339031339e-02    5.6980056980e-02
0     9.5238095238e-02    5.7644110276e-02    7.7694235589e-02    3.7593984962e-02    2.7568922306e-02    2.5062656642e-03    2.5062656642e-02    9.0225563910e-02    7.5187969925e-02    4.2606516291e-02    4.7619047619e-02    7.7694235589e-02    2.5062656642e-03    2.5062656642e-02    5.0125313283e-02    6.2656641604e-02    1.7543859649e-02    8.2706766917e-02    3.0075187970e-02    7.2681704261e-02
0     5.6856187291e-02    1.4046822742e-01    7.3578595318e-02    4.0133779264e-02    1.0033444816e-02    6.6889632107e-03    1.6722408027e-02    7.0234113712e-02    8.6956521739e-02    4.0133779264e-02    5.6856187291e-02    3.6789297659e-02    1.6722408027e-02    1.3377926421e-02    8.3612040134e-02    4.3478260870e-02    3.6789297659e-02    8.3612040134e-02    2.3411371237e-02    6.3545150502e-02
0     1.1340206186e-01    1.0309278351e-01    6.1855670103e-02    3.0927835052e-02    1.0309278351e-02    1.0309278351e-02    0.0000000000e+00    6.1855670103e-02    1.5463917526e-01    2.0618556701e-02    4.1237113402e-02    3.0927835052e-02    1.0309278351e-02    0.0000000000e+00    5.1546391753e-02    4.1237113402e-02    1.3402061856e-01    6.1855670103e-02    1.0309278351e-02    5.1546391753e-02
0     1.1309523810e-01    7.1428571429e-02    1.1309523810e-01    1.1904761905e-02    4.7619047619e-02    0.0000000000e+00    0.0000000000e+00    9.5238095238e-02    4.1666666667e-02    4.7619047619e-02    5.9523809524e-02    5.9523809524e-02    0.0000000000e+00    1.1904761905e-02    1.7857142857e-02    1.0119047619e-01    5.9523809524e-03    1.0119047619e-01    2.3809523810e-02    7.7380952381e-02
0     9.0032154341e-02    1.4790996785e-01    3.8585209003e-02    1.2861736334e-02    4.1800643087e-02    6.4308681672e-03    1.6077170418e-02    4.8231511254e-02    9.0032154341e-02    5.7877813505e-02    9.0032154341e-02    6.1093247588e-02    9.6463022508e-03    3.8585209003e-02    7.3954983923e-02    1.9292604502e-02    4.8231511254e-02    6.4308681672e-02    1.2861736334e-02    3.2154340836e-02
0     8.0229226361e-02    9.1690544413e-02    6.8767908309e-02    6.0171919771e-02    2.0057306590e-02    2.8653295129e-03    1.1461318052e-02    7.7363896848e-02    1.1461318052e-01    6.0171919771e-02    6.8767908309e-02    4.2979942693e-02    5.7306590258e-03    2.8653295129e-02    6.0171919771e-02    4.5845272206e-02    3.4383954155e-02    5.4441260745e-02    2.5787965616e-02    4.5845272206e-02
0     9.7222222222e-02    8.7962962963e-02    5.0925925926e-02    1.3888888889e-02    2.3148148148e-02    1.3888888889e-02    1.8518518519e-02    5.5555555556e-02    1.1111111111e-01    8.3333333333e-02    5.5555555556e-02    4.1666666667e-02    3.2407407407e-02    5.0925925926e-02    6.9444444444e-02    1.8518518519e-02    2.7777777778e-02    5.5555555556e-02    1.3888888889e-02    7.8703703704e-02
0     4.8076923077e-02    1.2500000000e-01    6.7307692308e-02    4.8076923077e-02    4.8076923077e-02    0.0000000000e+00    4.8076923077e-02    6.7307692308e-02    7.6923076923e-02    1.9230769231e-02    1.1538461538e-01    2.8846153846e-02    9.6153846154e-03    4.8076923077e-02    6.7307692308e-02    2.8846153846e-02    9.6153846154e-03    5.7692307692e-02    4.8076923077e-02    3.8461538462e-02
0     5.4711246201e-02    6.0790273556e-02    3.6474164134e-02    3.3434650456e-02    5.4711246201e-02    2.1276595745e-02    5.1671732523e-02    1.0334346505e-01    7.9027355623e-02    5.7750759878e-02    4.8632218845e-02    5.1671732523e-02    1.2158054711e-02    3.0395136778e-02    4.5592705167e-02    6.3829787234e-02    2.7355623100e-02    6.0790273556e-02    4.2553191489e-02    6.3829787234e-02
0     8.0906148867e-02    8.4142394822e-02    7.7669902913e-02    9.7087378641e-03    2.5889967638e-02    6.4724919094e-03    3.2362459547e-03    8.7378640777e-02    1.5857605178e-01    4.5307443366e-02    4.8543689320e-02    5.5016181230e-02    3.2362459547e-03    1.9417475728e-02    4.8543689320e-02    2.9126213592e-02    4.5307443366e-02    7.4433656958e-02    5.5016181230e-02    4.2071197411e-02
0     5.9907834101e-02    7.6036866359e-02    4.6082949309e-02    2.3041474654e-02    4.3778801843e-02    1.8433179724e-02    3.9170506912e-02    8.0645161290e-02    1.2903225806e-01    3.9170506912e-02    5.7603686636e-02    6.2211981567e-02    1.1520737327e-02    1.8433179724e-02    3.6866359447e-02    4.8387096774e-02    6.6820276498e-02    6.2211981567e-02    2.7649769585e-02    5.2995391705e-02
0     1.3402061856e-01    7.2164948454e-02    1.0309278351e-01    2.0618556701e-02    1.0309278351e-02    0.0000000000e+00    1.0309278351e-02    1.0309278351e-01    7.2164948454e-02    2.0618556701e-02    6.1855670103e-02    3.0927835052e-02    0.0000000000e+00    1.0309278351e-02    5.1546391753e-02    8.2474226804e-02    0.0000000000e+00    1.0309278351e-01    5.1546391753e-02    6.1855670103e-02
0     8.4175084175e-02    1.1447811448e-01    4.7138047138e-02    3.0303030303e-02    3.7037037037e-02    1.0101010101e-02    1.0101010101e-02    5.0505050505e-02    8.7542087542e-02    7.0707070707e-02    5.7239057239e-02    5.0505050505e-02    1.3468013468e-02    3.3670033670e-02    7.4074074074e-02    3.7037037037e-02    4.3771043771e-02    8.0808080808e-02    2.6936026936e-02    4.0404040404e-02
0     7.8125000000e-02    1.1718750000e-01    4.6875000000e-02    4.6875000000e-02    4.6875000000e-02    7.8125000000e-03    1.5625000000e-02    7.8125000000e-02    1.2500000000e-01    2.3437500000e-02    3.1250000000e-02    3.9062500000e-02    0.0000000000e+00    0.0000000000e+00    3.1250000000e-02    8.5937500000e-02    1.5625000000e-02    8.5937500000e-02    6.2500000000e-02    6.2500000000e-02
0     5.4054054054e-02    1.0810810811e-01    6.0810810811e-02    1.3513513514e-02    2.7027027027e-02    0.0000000000e+00    2.7027027027e-02    7.4324324324e-02    6.7567567568e-02    1.3513513514e-02    3.3783783784e-02    4.7297297297e-02    2.7027027027e-02    8.1081081081e-02    5.4054054054e-02    6.0810810811e-02    3.3783783784e-02    9.4594594595e-02    4.0540540541e-02    8.1081081081e-02
0     6.4039408867e-02    1.3793103448e-01    2.4630541872e-02    2.4630541872e-02    2.9556650246e-02    1.4778325123e-02    2.4630541872e-02    6.4039408867e-02    6.8965517241e-02    2.9556650246e-02    5.4187192118e-02    9.3596059113e-02    1.4778325123e-02    2.9556650246e-02    4.4334975369e-02    5.4187192118e-02    5.4187192118e-02    7.8817733990e-02    3.4482758621e-02    5.9113300493e-02
0     6.9053708440e-02    6.6496163683e-02    6.1381074169e-02    4.0920716113e-02    2.5575447570e-02    1.2787723785e-02    7.6726342711e-03    1.2531969309e-01    1.6368286445e-01    3.5805626598e-02    5.1150895141e-02    4.6035805627e-02    1.2787723785e-02    1.5345268542e-02    4.6035805627e-02    4.6035805627e-02    3.5805626598e-02    5.1150895141e-02    3.5805626598e-02    5.1150895141e-02
0     1.0837438424e-01    4.4334975369e-02    8.3743842365e-02    3.4482758621e-02    3.9408866995e-02    9.8522167488e-03    4.4334975369e-02    7.8817733990e-02    3.9408866995e-02    5.9113300493e-02    5.9113300493e-02    5.9113300493e-02    9.8522167488e-03    3.9408866995e-02    4.9261083744e-02    4.9261083744e-02    0.0000000000e+00    6.8965517241e-02    7.8817733990e-02    4.4334975369e-02
0     4.5161290323e-02    1.0645161290e-01    5.8064516129e-02    2.5806451613e-02    5.4838709677e-02    2.2580645161e-02    3.5483870968e-02    6.4516129032e-02    5.8064516129e-02    6.4516129032e-02    7.4193548387e-02    3.2258064516e-02    1.2903225806e-02    2.5806451613e-02    9.3548387097e-02    2.5806451613e-02    4.8387096774e-02    6.1290322581e-02    3.8709677419e-02    5.1612903226e-02
0     1.1313868613e-01    7.6642335766e-02    4.0145985401e-02    3.2846715328e-02    5.1094890511e-02    3.6496350365e-03    2.1897810219e-02    9.4890510949e-02    8.7591240876e-02    5.1094890511e-02    2.5547445255e-02    4.3795620438e-02    2.1897810219e-02    3.2846715328e-02    7.6642335766e-02    2.5547445255e-02    3.6496350365e-02    6.5693430657e-02    4.0145985401e-02    5.8394160584e-02
0     4.8780487805e-02    9.3808630394e-02    6.7542213884e-02    2.6266416510e-02    4.3151969981e-02    2.0637898687e-02    2.8142589118e-02    6.0037523452e-02    9.7560975610e-02    4.5028142589e-02    3.9399624765e-02    6.1913696060e-02    9.3808630394e-03    2.2514071295e-02    5.8161350844e-02    4.8780487805e-02    4.6904315197e-02    7.1294559099e-02    4.6904315197e-02    6.3789868668e-02
0     5.6653491436e-02    8.1686429513e-02    5.7971014493e-02    4.0843214756e-02    3.9525691700e-02    9.2226613966e-03    4.4795783926e-02    7.5098814229e-02    8.4321475626e-02    3.9525691700e-02    4.7430830040e-02    6.3241106719e-02    6.5876152833e-03    1.8445322793e-02    5.0065876153e-02    6.5876152833e-02    3.9525691700e-02    6.3241106719e-02    4.6113306983e-02    6.9828722003e-02
0     9.7959183673e-02    7.7551020408e-02    4.4897959184e-02    3.6734693878e-02    4.4897959184e-02    2.0408163265e-02    3.2653061224e-02    9.3877551020e-02    3.6734693878e-02    2.4489795918e-02    3.2653061224e-02    5.3061224490e-02    2.4489795918e-02    4.4897959184e-02    5.7142857143e-02    6.9387755102e-02    2.0408163265e-02    8.1632653061e-02    3.6734693878e-02    6.9387755102e-02
0     9.0909090909e-02    1.1326378539e-01    5.9612518629e-02    3.2786885246e-02    2.3845007452e-02    1.4903129657e-03    1.0432190760e-02    6.8554396423e-02    1.0134128167e-01    3.4277198212e-02    5.9612518629e-02    4.7690014903e-02    4.4709388972e-03    1.9374068554e-02    5.2160953800e-02    3.7257824143e-02    4.7690014903e-02    9.8360655738e-02    3.5767511177e-02    6.1102831595e-02
0     9.1525423729e-02    1.1864406780e-01    4.4067796610e-02    2.0338983051e-02    3.3898305085e-02    0.0000000000e+00    2.3728813559e-02    7.7966101695e-02    1.3898305085e-01    5.4237288136e-02    5.0847457627e-02    5.0847457627e-02    0.0000000000e+00    2.3728813559e-02    1.0508474576e-01    2.0338983051e-02    4.4067796610e-02    6.1016949153e-02    6.7796610169e-03    3.3898305085e-02
0     8.0000000000e-02    1.4333333333e-01    4.0000000000e-02    3.6666666667e-02    4.3333333333e-02    6.6666666667e-03    2.0000000000e-02    4.3333333333e-02    8.0000000000e-02    5.6666666667e-02    4.0000000000e-02    7.0000000000e-02    2.0000000000e-02    5.0000000000e-02    7.6666666667e-02    1.3333333333e-02    4.3333333333e-02    4.3333333333e-02    3.6666666667e-02    5.6666666667e-02
0     1.3061224490e-01    1.0204081633e-01    5.7142857143e-02    4.0816326531e-03    1.6326530612e-02    1.2244897959e-02    2.4489795918e-02    1.1428571429e-01    9.7959183673e-02    3.6734693878e-02    4.0816326531e-02    4.4897959184e-02    1.2244897959e-02    1.6326530612e-02    5.7142857143e-02    4.0816326531e-02    5.7142857143e-02    4.4897959184e-02    2.0408163265e-02    6.9387755102e-02
0     6.4655172414e-02    1.0517241379e-01    5.6896551724e-02    3.1896551724e-02    4.3103448276e-02    6.8965517241e-03    3.3620689655e-02    8.1034482759e-02    8.7931034483e-02    4.6551724138e-02    3.9655172414e-02    3.8793103448e-02    1.0344827586e-02    2.0689655172e-02    6.7241379310e-02    5.0000000000e-02    3.4482758621e-02    7.9310344828e-02    2.7586206897e-02    7.4137931034e-02
0     4.8582995951e-02    1.2955465587e-01    4.8582995951e-02    3.2388663968e-02    2.0242914980e-02    3.2388663968e-02    1.6194331984e-02    8.5020242915e-02    1.0121457490e-01    5.2631578947e-02    4.0485829960e-02    4.4534412955e-02    1.6194331984e-02    2.4291497976e-02    6.0728744939e-02    5.2631578947e-02    2.8340080972e-02    6.4777327935e-02    4.0485829960e-02    6.0728744939e-02
0     5.9221658206e-02    6.9373942470e-02    5.7529610829e-02    3.8917089679e-02    2.8764805415e-02    2.3688663283e-02    2.8764805415e-02    8.9678510998e-02    1.0829103215e-01    3.8917089679e-02    5.9221658206e-02    5.5837563452e-02    2.0304568528e-02    2.7072758037e-02    5.4145516074e-02    4.2301184433e-02    3.5532994924e-02    6.7681895093e-02    4.0609137056e-02    5.4145516074e-02
0     7.1057192374e-02    1.0225303293e-01    4.5060658579e-02    3.8128249567e-02    3.2928942808e-02    8.6655112652e-03    3.9861351820e-02    6.7590987868e-02    1.1438474870e-01    3.2928942808e-02    2.7729636049e-02    5.0259965338e-02    6.9324090121e-03    2.4263431542e-02    5.5459272097e-02    5.7192374350e-02    4.6793760832e-02    8.3188908146e-02    3.2928942808e-02    6.2391681109e-02
0     8.2236842105e-02    9.8684210526e-02    5.5921052632e-02    6.5789473684e-03    3.9473684211e-02    2.3026315789e-02    1.6447368421e-02    7.2368421053e-02    1.1842105263e-01    7.5657894737e-02    5.5921052632e-02    3.2894736842e-02    2.3026315789e-02    2.3026315789e-02    4.9342105263e-02    3.2894736842e-02    6.2500000000e-02    4.9342105263e-02    2.3026315789e-02    5.9210526316e-02
0     4.8275862069e-02    1.2068965517e-01    4.8275862069e-02    3.4482758621e-02    4.4827586207e-02    1.7241379310e-02    2.4137931034e-02    5.8620689655e-02    8.9655172414e-02    5.5172413793e-02    8.6206896552e-02    6.8965517241e-02    1.3793103448e-02    3.4482758621e-02    6.8965517241e-02    2.4137931034e-02    4.8275862069e-02    4.4827586207e-02    2.4137931034e-02    4.4827586207e-02
0     5.9880239521e-02    1.0578842315e-01    5.1896207585e-02    1.9960079840e-02    2.9940119760e-02    2.3952095808e-02    4.3912175649e-02    8.1836327345e-02    8.1836327345e-02    3.9920159681e-02    5.9880239521e-02    4.9900199601e-02    5.9880239521e-03    2.9940119760e-02    7.7844311377e-02    4.9900199601e-02    3.1936127745e-02    6.5868263473e-02    2.5948103792e-02    6.3872255489e-02
0     5.8823529412e-02    1.0160427807e-01    5.0802139037e-02    1.8716577540e-02    3.2085561497e-02    5.3475935829e-02    1.8716577540e-02    7.4866310160e-02    8.2887700535e-02    6.9518716578e-02    5.8823529412e-02    4.2780748663e-02    1.3368983957e-02    2.9411764706e-02    6.6844919786e-02    2.9411764706e-02    6.9518716578e-02    6.1497326203e-02    1.8716577540e-02    4.8128342246e-02
0     6.1452513966e-02    1.0055865922e-01    7.8212290503e-02    2.2346368715e-02    3.9106145251e-02    1.6759776536e-02    3.3519553073e-02    5.0279329609e-02    6.1452513966e-02    2.2346368715e-02    5.5865921788e-02    3.3519553073e-02    1.6759776536e-02    3.3519553073e-02    4.4692737430e-02    5.5865921788e-02    8.9385474860e-02    7.8212290503e-02    6.1452513966e-02    4.4692737430e-02
0     7.7803203661e-02    1.2814645309e-01    3.2036613272e-02    2.7459954233e-02    2.9748283753e-02    6.8649885584e-03    2.0594965675e-02    9.1533180778e-02    1.1899313501e-01    3.8901601831e-02    4.8054919908e-02    5.4919908467e-02    1.6018306636e-02    2.2883295195e-02    5.0343249428e-02    3.4324942792e-02    3.4324942792e-02    6.1784897025e-02    4.8054919908e-02    5.7208237986e-02
0     6.7500000000e-02    1.0500000000e-01    6.2500000000e-02    2.5000000000e-02    3.2500000000e-02    2.5000000000e-03    3.2500000000e-02    9.0000000000e-02    1.0500000000e-01    3.0000000000e-02    6.2500000000e-02    5.2500000000e-02    1.5000000000e-02    3.7500000000e-02    3.7500000000e-02    5.7500000000e-02    2.0000000000e-02    7.2500000000e-02    4.5000000000e-02    4.7500000000e-02
0     9.3663911846e-02    9.3663911846e-02    6.6115702479e-02    1.3774104683e-02    3.5812672176e-02    5.5096418733e-03    2.2038567493e-02    7.1625344353e-02    1.1294765840e-01    4.1322314050e-02    5.5096418733e-02    4.4077134986e-02    1.1019283747e-02    2.4793388430e-02    3.8567493113e-02    4.4077134986e-02    5.5096418733e-02    4.9586776860e-02    6.0606060606e-02    6.0606060606e-02
0     6.1855670103e-02    1.1134020619e-01    4.5360824742e-02    3.2989690722e-02    3.9175257732e-02    1.6494845361e-02    2.8865979381e-02    6.8041237113e-02    9.4845360825e-02    5.5670103093e-02    6.1855670103e-02    3.2989690722e-02    1.2371134021e-02    1.8556701031e-02    5.5670103093e-02    7.6288659794e-02    2.6804123711e-02    8.6597938144e-02    2.2680412371e-02    5.1546391753e-02
0     7.3891625616e-02    1.3793103448e-01    5.4187192118e-02    4.9261083744e-03    3.4482758621e-02    9.8522167488e-03    4.4334975369e-02    4.4334975369e-02    6.4039408867e-02    5.9113300493e-02    7.3891625616e-02    4.9261083744e-02    1.4778325123e-02    3.4482758621e-02    3.4482758621e-02    7.3891625616e-02    3.9408866995e-02    4.9261083744e-02    3.4482758621e-02    6.8965517241e-02
0     7.0512820513e-02    1.2179487179e-01    5.7692307692e-02    2.5641025641e-02    4.4871794872e-02    0.0000000000e+00    1.9230769231e-02    6.4102564103e-02    1.0256410256e-01    3.2051282051e-02    6.4102564103e-02    6.4102564103e-02    6.4102564103e-03    6.4102564103e-03    3.2051282051e-02    7.0512820513e-02    4.4871794872e-02    7.6923076923e-02    3.8461538462e-02    5.7692307692e-02
0     5.7636887608e-02    1.0662824207e-01    3.1700288184e-02    3.1700288184e-02    2.3054755043e-02    3.1700288184e-02    4.6109510086e-02    6.9164265130e-02    9.7982708934e-02    5.4755043228e-02    5.0432276657e-02    4.7550432277e-02    1.5850144092e-02    2.4495677233e-02    5.7636887608e-02    5.1873198847e-02    5.0432276657e-02    5.9077809798e-02    3.0259365994e-02    6.1959654179e-02
0     3.3962264151e-02    9.0566037736e-02    1.2452830189e-01    4.5283018868e-02    5.2830188679e-02    3.7735849057e-03    4.5283018868e-02    3.0188679245e-02    3.7735849057e-02    7.5471698113e-03    1.0566037736e-01    5.2830188679e-02    1.1320754717e-02    1.5094339623e-02    4.9056603774e-02    8.3018867925e-02    2.6415094340e-02    6.7924528302e-02    7.9245283019e-02    3.7735849057e-02
0     8.1081081081e-02    8.1081081081e-02    6.4864864865e-02    2.7027027027e-02    1.6216216216e-02    0.0000000000e+00    1.0810810811e-02    3.2432432432e-02    1.0270270270e-01    4.3243243243e-02    7.0270270270e-02    4.8648648649e-02    5.4054054054e-03    0.0000000000e+00    9.1891891892e-02    8.6486486486e-02    3.2432432432e-02    7.5675675676e-02    2.7027027027e-02    1.0270270270e-01
0     8.2352941176e-02    1.0588235294e-01    2.3529411765e-02    2.3529411765e-02    4.7058823529e-02    0.0000000000e+00    0.0000000000e+00    7.0588235294e-02    1.0588235294e-01    2.3529411765e-02    7.0588235294e-02    1.1764705882e-01    0.0000000000e+00    2.3529411765e-02    1.1764705882e-02    8.2352941176e-02    7.0588235294e-02    1.0588235294e-01    2.3529411765e-02    1.1764705882e-02
0     7.7127659574e-02    1.2500000000e-01    3.9893617021e-02    2.1276595745e-02    2.3936170213e-02    5.3191489362e-03    5.3191489362e-03    9.0425531915e-02    1.4361702128e-01    1.8617021277e-02    5.0531914894e-02    6.6489361702e-02    0.0000000000e+00    1.8617021277e-02    3.9893617021e-02    4.2553191489e-02    6.1170212766e-02    6.1170212766e-02    4.5212765957e-02    6.3829787234e-02
0     5.5555555556e-02    1.2962962963e-01    8.0246913580e-02    1.2345679012e-02    2.4691358025e-02    0.0000000000e+00    6.1728395062e-03    4.9382716049e-02    1.0493827160e-01    2.4691358025e-02    6.7901234568e-02    6.1728395062e-02    1.8518518519e-02    2.4691358025e-02    4.9382716049e-02    4.9382716049e-02    6.1728395062e-02    8.0246913580e-02    4.9382716049e-02    4.9382716049e-02
0     1.0107526882e-01    7.7419354839e-02    3.6559139785e-02    1.9354838710e-02    6.0215053763e-02    1.5053763441e-02    3.4408602151e-02    6.8817204301e-02    8.8172043011e-02    4.0860215054e-02    5.1612903226e-02    4.9462365591e-02    8.6021505376e-03    1.7204301075e-02    7.3118279570e-02    4.0860215054e-02    2.7956989247e-02    7.9569892473e-02    4.3010752688e-02    6.6666666667e-02
0     9.4339622642e-02    1.2264150943e-01    6.6037735849e-02    3.7735849057e-02    1.8867924528e-02    0.0000000000e+00    3.7735849057e-02    6.6037735849e-02    1.3207547170e-01    5.6603773585e-02    4.7169811321e-02    1.8867924528e-02    9.4339622642e-03    9.4339622642e-03    1.8867924528e-02    9.4339622642e-02    3.7735849057e-02    7.5471698113e-02    2.8301886792e-02    2.8301886792e-02
0     9.6885813149e-02    1.0034602076e-01    5.5363321799e-02    3.1141868512e-02    2.7681660900e-02    3.4602076125e-03    2.4221453287e-02    6.5743944637e-02    1.4532871972e-01    3.4602076125e-02    4.8442906574e-02    3.4602076125e-02    6.9204152249e-03    2.4221453287e-02    6.9204152249e-02    3.4602076125e-02    1.7301038062e-02    7.9584775087e-02    3.8062283737e-02    6.2283737024e-02
0     8.1743869210e-02    1.0354223433e-01    7.3569482289e-02    2.4523160763e-02    1.3623978202e-02    5.4495912807e-03    1.6348773842e-02    1.0354223433e-01    1.1989100817e-01    3.2697547684e-02    5.1771117166e-02    4.6321525886e-02    5.4495912807e-03    2.9972752044e-02    7.3569482289e-02    2.7247956403e-02    3.8147138965e-02    5.4495912807e-02    3.5422343324e-02    6.2670299728e-02
0     8.8607594937e-02    1.2658227848e-01    2.5316455696e-02    2.5316455696e-02    3.1645569620e-02    0.0000000000e+00    2.5316455696e-02    7.5949367089e-02    8.8607594937e-02    5.0632911392e-02    4.4303797468e-02    4.4303797468e-02    1.2658227848e-02    9.4936708861e-02    6.3291139241e-02    1.8987341772e-02    3.1645569620e-02    6.3291139241e-02    1.8987341772e-02    6.9620253165e-02
0     8.1871345029e-02    1.1695906433e-01    3.5087719298e-02    4.0935672515e-02    5.8479532164e-02    1.7543859649e-02    2.9239766082e-02    1.4035087719e-01    5.8479532164e-02    4.0935672515e-02    2.3391812865e-02    4.6783625731e-02    1.1695906433e-02    1.1695906433e-02    5.2631578947e-02    6.4327485380e-02    2.3391812865e-02    5.2631578947e-02    2.3391812865e-02    7.0175438596e-02
0     7.2649572650e-02    6.1965811966e-02    5.5555555556e-02    4.0598290598e-02    5.5555555556e-02    4.2735042735e-03    3.4188034188e-02    7.2649572650e-02    1.0042735043e-01    5.1282051282e-02    6.8376068376e-02    4.4871794872e-02    6.4102564103e-03    2.7777777778e-02    4.0598290598e-02    5.3418803419e-02    1.9230769231e-02    7.2649572650e-02    3.6324786325e-02    8.1196581197e-02
0     6.2809917355e-02    9.4214876033e-02    3.4710743802e-02    2.6446280992e-02    4.2975206612e-02    3.6363636364e-02    3.4710743802e-02    7.4380165289e-02    8.4297520661e-02    6.1157024793e-02    4.2975206612e-02    3.8016528926e-02    1.1570247934e-02    3.6363636364e-02    6.6115702479e-02    3.1404958678e-02    6.7768595041e-02    4.4628099174e-02    3.4710743802e-02    7.4380165289e-02
0     1.3333333333e-01    1.1515151515e-01    8.4848484848e-02    1.8181818182e-02    3.0303030303e-02    0.0000000000e+00    3.0303030303e-02    9.0909090909e-02    8.4848484848e-02    2.4242424242e-02    3.6363636364e-02    7.2727272727e-02    0.0000000000e+00    6.0606060606e-03    3.6363636364e-02    4.2424242424e-02    4.2424242424e-02    6.0606060606e-02    3.6363636364e-02    5.4545454545e-02
0     6.8106312292e-02    9.6345514950e-02    6.1461794020e-02    1.8272425249e-02    3.9867109635e-02    9.9667774086e-03    3.1561461794e-02    9.6345514950e-02    7.4750830565e-02    4.8172757475e-02    4.9833887043e-02    4.6511627907e-02    2.8239202658e-02    9.9667774086e-03    7.9734219269e-02    5.1495016611e-02    3.1561461794e-02    6.9767441860e-02    2.1594684385e-02    6.6445182724e-02
0     8.1339712919e-02    9.0909090909e-02    6.6985645933e-02    2.3923444976e-02    3.8277511962e-02    9.5693779904e-03    1.9138755981e-02    6.6985645933e-02    8.6124401914e-02    8.1339712919e-02    4.7846889952e-02    4.3062200957e-02    4.3062200957e-02    2.3923444976e-02    5.2631578947e-02    4.7846889952e-02    0.0000000000e+00    7.1770334928e-02    3.3492822967e-02    7.1770334928e-02
0     5.6603773585e-02    9.4339622642e-02    8.4905660377e-02    1.8867924528e-02    4.7169811321e-02    1.8867924528e-02    4.7169811321e-02    2.8301886792e-02    4.7169811321e-02    2.8301886792e-02    5.6603773585e-02    6.6037735849e-02    0.0000000000e+00    3.7735849057e-02    1.2264150943e-01    3.7735849057e-02    8.4905660377e-02    2.8301886792e-02    9.4339622642e-03    8.4905660377e-02
0     6.5371024735e-02    1.1307420495e-01    6.7137809187e-02    2.6501766784e-02    2.6501766784e-02    3.5335689046e-03    1.5901060071e-02    6.8904593640e-02    8.3038869258e-02    3.3568904594e-02    6.7137809187e-02    5.4770318021e-02    8.8339222615e-03    1.9434628975e-02    5.6537102473e-02    6.0070671378e-02    4.9469964664e-02    6.8904593640e-02    4.4169611307e-02    6.7137809187e-02
0     6.3492063492e-02    1.0052910053e-01    7.4074074074e-02    2.6455026455e-02    2.6455026455e-02    1.0582010582e-02    1.0582010582e-02    4.2328042328e-02    1.1640211640e-01    4.7619047619e-02    7.9365079365e-02    6.8783068783e-02    1.5873015873e-02    4.2328042328e-02    4.7619047619e-02    2.1164021164e-02    4.7619047619e-02    6.3492063492e-02    4.7619047619e-02    4.7619047619e-02
0     6.9256756757e-02    1.3006756757e-01    5.7432432432e-02    2.8716216216e-02    3.2094594595e-02    6.7567567568e-03    1.1824324324e-02    6.0810810811e-02    1.4527027027e-01    5.5743243243e-02    2.7027027027e-02    3.3783783784e-02    3.3783783784e-03    3.2094594595e-02    8.9527027027e-02    1.8581081081e-02    3.3783783784e-02    7.7702702703e-02    1.1824324324e-02    7.4324324324e-02
0     2.5000000000e-02    1.0000000000e-01    1.0833333333e-01    5.0000000000e-02    4.1666666667e-02    0.0000000000e+00    2.0833333333e-02    6.2500000000e-02    5.4166666667e-02    2.5000000000e-02    8.3333333333e-02    6.6666666667e-02    2.0833333333e-02    2.9166666667e-02    5.8333333333e-02    5.8333333333e-02    5.4166666667e-02    6.6666666667e-02    2.9166666667e-02    4.5833333333e-02
0     8.3333333333e-02    9.2592592593e-02    6.4814814815e-02    1.8518518519e-02    5.5555555556e-02    1.8518518519e-02    1.8518518519e-02    6.4814814815e-02    5.5555555556e-02    3.7037037037e-02    8.3333333333e-02    9.2592592593e-03    2.7777777778e-02    2.7777777778e-02    5.5555555556e-02    5.5555555556e-02    6.4814814815e-02    7.4074074074e-02    9.2592592593e-03    8.3333333333e-02
0     3.7617554859e-02    1.2225705329e-01    3.7617554859e-02    3.1347962382e-02    4.3887147335e-02    1.5673981191e-02    5.6426332288e-02    6.5830721003e-02    1.0031347962e-01    5.9561128527e-02    4.0752351097e-02    5.9561128527e-02    2.5078369906e-02    1.8808777429e-02    5.6426332288e-02    2.5078369906e-02    5.9561128527e-02    5.3291536050e-02    2.5078369906e-02    6.5830721003e-02
0     4.0462427746e-02    7.2254335260e-02    9.2485549133e-02    1.4450867052e-02    8.0924855491e-02    5.7803468208e-03    4.3352601156e-02    8.0924855491e-02    5.7803468208e-02    3.7572254335e-02    4.9132947977e-02    4.0462427746e-02    2.8901734104e-03    2.3121387283e-02    3.7572254335e-02    6.3583815029e-02    4.3352601156e-02    7.2254335260e-02    4.9132947977e-02    9.2485549133e-02
0     9.1787439614e-02    1.1111111111e-01    6.2801932367e-02    1.4492753623e-02    2.4154589372e-02    1.9323671498e-02    1.4492753623e-02    7.7294685990e-02    9.6618357488e-02    4.8309178744e-02    2.8985507246e-02    4.8309178744e-02    4.8309178744e-03    2.4154589372e-02    8.2125603865e-02    2.8985507246e-02    8.6956521739e-02    7.2463768116e-02    1.9323671498e-02    4.3478260870e-02
0     6.4444444444e-02    9.1111111111e-02    6.0000000000e-02    2.4444444444e-02    2.4444444444e-02    1.3333333333e-02    2.4444444444e-02    9.7777777778e-02    1.0222222222e-01    3.1111111111e-02    8.6666666667e-02    6.4444444444e-02    1.1111111111e-02    2.2222222222e-02    5.1111111111e-02    4.2222222222e-02    3.7777777778e-02    6.8888888889e-02    3.1111111111e-02    5.1111111111e-02
0     6.8181818182e-02    1.1363636364e-01    1.5151515152e-02    7.5757575758e-03    7.5757575758e-02    3.0303030303e-02    2.2727272727e-02    4.5454545455e-02    5.3030303030e-02    6.0606060606e-02    3.7878787879e-02    6.0606060606e-02    2.2727272727e-02    2.2727272727e-02    6.8181818182e-02    8.3333333333e-02    1.5151515152e-02    1.1363636364e-01    2.2727272727e-02    6.0606060606e-02
0     4.3771043771e-02    1.2121212121e-01    1.0101010101e-01    1.6835016835e-02    6.3973063973e-02    0.0000000000e+00    3.3670033670e-02    5.3872053872e-02    4.7138047138e-02    3.7037037037e-02    6.3973063973e-02    7.7441077441e-02    2.0202020202e-02    2.3569023569e-02    5.3872053872e-02    7.0707070707e-02    4.3771043771e-02    5.7239057239e-02    4.3771043771e-02    2.6936026936e-02
0     6.0518731988e-02    9.7982708934e-02    5.4755043228e-02    3.1700288184e-02    2.8818443804e-02    1.1527377522e-02    2.3054755043e-02    5.4755043228e-02    1.3544668588e-01    5.7636887608e-02    4.6109510086e-02    5.7636887608e-02    2.5936599424e-02    2.8818443804e-02    4.3227665706e-02    5.4755043228e-02    4.3227665706e-02    7.2046109510e-02    1.7291066282e-02    5.4755043228e-02
0     8.0684596577e-02    8.5574572127e-02    6.1124694377e-02    3.6674816626e-02    3.6674816626e-02    4.8899755501e-03    2.6894865526e-02    1.0024449878e-01    8.0684596577e-02    4.6454767726e-02    3.4229828851e-02    5.3789731051e-02    7.3349633252e-03    3.6674816626e-02    3.6674816626e-02    6.3569682152e-02    3.6674816626e-02    7.8239608802e-02    3.6674816626e-02    5.6234718826e-02
0     9.5588235294e-02    9.1911764706e-02    5.1470588235e-02    3.6764705882e-02    2.9411764706e-02    2.2058823529e-02    4.0441176471e-02    8.8235294118e-02    5.8823529412e-02    5.1470588235e-02    3.6764705882e-02    5.1470588235e-02    2.9411764706e-02    2.9411764706e-02    6.2500000000e-02    4.4117647059e-02    3.3088235294e-02    4.7794117647e-02    2.9411764706e-02    6.9852941176e-02
0     3.6585365854e-02    1.9512195122e-01    3.6585365854e-02    1.2195121951e-02    3.0487804878e-02    2.4390243902e-02    2.4390243902e-02    6.7073170732e-02    4.8780487805e-02    7.9268292683e-02    6.7073170732e-02    6.7073170732e-02    1.2195121951e-02    6.0975609756e-03    8.5365853659e-02    4.2682926829e-02    3.6585365854e-02    8.5365853659e-02    6.0975609756e-03    3.6585365854e-02
0     7.0850202429e-02    7.4898785425e-02    5.4655870445e-02    2.0242914980e-02    5.0607287449e-02    2.8340080972e-02    4.6558704453e-02    7.4898785425e-02    7.0850202429e-02    4.0485829960e-02    3.0364372470e-02    4.8582995951e-02    1.6194331984e-02    3.0364372470e-02    4.2510121457e-02    4.2510121457e-02    4.0485829960e-02    6.6801619433e-02    5.4655870445e-02    9.5141700405e-02
0     6.4748201439e-02    1.1870503597e-01    3.9568345324e-02    2.1582733813e-02    5.3956834532e-02    1.7985611511e-02    2.1582733813e-02    5.7553956835e-02    6.8345323741e-02    4.3165467626e-02    5.3956834532e-02    4.3165467626e-02    1.4388489209e-02    6.4748201439e-02    8.2733812950e-02    1.4388489209e-02    6.4748201439e-02    5.7553956835e-02    3.9568345324e-02    5.7553956835e-02
0     5.8823529412e-02    1.0441176471e-01    2.9411764706e-02    2.6470588235e-02    5.2941176471e-02    2.2058823529e-02    3.5294117647e-02    5.8823529412e-02    1.1764705882e-01    4.1176470588e-02    4.5588235294e-02    4.7058823529e-02    5.8823529412e-03    2.7941176471e-02    7.2058823529e-02    2.5000000000e-02    6.0294117647e-02    7.0588235294e-02    3.5294117647e-02    6.3235294118e-02
0     9.4405594406e-02    9.4405594406e-02    6.9930069930e-02    4.8951048951e-02    2.7972027972e-02    3.4965034965e-03    1.0489510490e-02    7.6923076923e-02    6.2937062937e-02    1.3986013986e-02    8.0419580420e-02    5.2447552448e-02    1.3986013986e-02    3.4965034965e-02    6.2937062937e-02    6.6433566434e-02    2.0979020979e-02    8.7412587413e-02    3.4965034965e-02    4.1958041958e-02
0     1.0489510490e-01    1.1888111888e-01    6.2937062937e-02    3.4965034965e-02    6.9930069930e-03    6.9930069930e-03    4.1958041958e-02    4.8951048951e-02    6.2937062937e-02    2.7972027972e-02    8.3916083916e-02    4.8951048951e-02    6.9930069930e-03    4.8951048951e-02    2.7972027972e-02    5.5944055944e-02    2.7972027972e-02    6.2937062937e-02    3.4965034965e-02    8.3916083916e-02
0     4.1420118343e-02    1.0256410256e-01    5.3254437870e-02    2.5641025641e-02    5.1282051282e-02    9.8619329389e-03    1.7751479290e-02    7.4950690335e-02    1.4201183432e-01    3.7475345168e-02    5.1282051282e-02    4.9309664694e-02    3.9447731755e-03    3.3530571992e-02    4.9309664694e-02    5.7199211045e-02    3.7475345168e-02    6.9033530572e-02    3.3530571992e-02    5.9171597633e-02
0     6.1475409836e-02    9.4262295082e-02    4.9180327869e-02    3.0737704918e-02    3.2786885246e-02    4.0983606557e-03    1.4344262295e-02    7.9918032787e-02    1.2704918033e-01    4.7131147541e-02    6.1475409836e-02    6.7622950820e-02    8.1967213115e-03    2.6639344262e-02    6.9672131148e-02    5.5327868852e-02    3.2786885246e-02    5.5327868852e-02    4.3032786885e-02    3.8934426230e-02
0     5.0816696915e-02    8.8929219601e-02    3.8112522686e-02    2.9038112523e-02    4.3557168784e-02    4.1742286751e-02    4.3557168784e-02    7.0780399274e-02    7.0780399274e-02    5.2631578947e-02    4.7186932849e-02    5.2631578947e-02    9.0744101633e-03    3.4482758621e-02    6.1705989111e-02    3.2667876588e-02    5.2631578947e-02    5.9891107078e-02    5.2631578947e-02    6.7150635209e-02
0     5.4347826087e-02    9.0579710145e-02    1.0869565217e-01    3.2608695652e-02    6.8840579710e-02    1.4492753623e-02    4.7101449275e-02    3.6231884058e-02    2.8985507246e-02    3.6231884058e-03    1.2681159420e-01    3.9855072464e-02    1.4492753623e-02    3.6231884058e-03    4.3478260870e-02    8.6956521739e-02    1.4492753623e-02    5.7971014493e-02    7.2463768116e-02    5.4347826087e-02
0     7.0422535211e-02    5.6338028169e-02    6.5727699531e-02    4.6948356808e-02    4.2253521127e-02    9.3896713615e-03    1.4084507042e-02    7.9812206573e-02    1.0798122066e-01    1.8779342723e-02    1.8779342723e-02    6.1032863850e-02    9.3896713615e-03    3.2863849765e-02    5.6338028169e-02    9.8591549296e-02    2.3474178404e-02    1.0798122066e-01    1.8779342723e-02    6.1032863850e-02
0     6.2992125984e-02    9.1863517060e-02    4.9868766404e-02    3.1496062992e-02    5.2493438320e-02    2.8871391076e-02    4.1994750656e-02    6.8241469816e-02    7.6115485564e-02    3.4120734908e-02    6.0367454068e-02    2.3622047244e-02    2.0997375328e-02    2.0997375328e-02    6.2992125984e-02    4.9868766404e-02    4.1994750656e-02    5.5118110236e-02    4.9868766404e-02    7.6115485564e-02
0     9.6774193548e-02    8.7976539589e-02    4.6920821114e-02    3.2258064516e-02    4.9853372434e-02    1.1730205279e-02    1.7595307918e-02    6.1583577713e-02    1.2903225806e-01    6.4516129032e-02    1.7595307918e-02    3.8123167155e-02    0.0000000000e+00    2.3460410557e-02    1.3196480938e-01    5.8651026393e-03    1.4662756598e-02    9.0909090909e-02    1.7595307918e-02    6.1583577713e-02
0     1.2755102041e-01    7.1428571429e-02    1.5306122449e-02    2.0408163265e-02    2.0408163265e-02    0.0000000000e+00    2.0408163265e-02    1.4795918367e-01    7.1428571429e-02    2.5510204082e-02    2.5510204082e-02    2.5510204082e-02    3.0612244898e-02    1.0204081633e-01    2.0408163265e-02    3.0612244898e-02    3.0612244898e-02    8.6734693878e-02    3.0612244898e-02    9.6938775510e-02
0     6.5727699531e-02    1.2206572770e-01    6.5727699531e-02    3.2863849765e-02    2.3474178404e-02    9.3896713615e-03    3.7558685446e-02    7.9812206573e-02    6.5727699531e-02    6.1032863850e-02    3.2863849765e-02    5.1643192488e-02    1.4084507042e-02    2.8169014085e-02    5.6338028169e-02    3.7558685446e-02    5.6338028169e-02    6.5727699531e-02    4.6948356808e-02    4.6948356808e-02
0     1.1530398323e-01    7.3375262055e-02    6.0796645702e-02    2.3060796646e-02    2.5157232704e-02    6.2893081761e-03    1.8867924528e-02    1.1320754717e-01    1.2788259958e-01    2.9350104822e-02    4.4025157233e-02    6.7085953878e-02    8.3857442348e-03    1.8867924528e-02    2.9350104822e-02    7.1278825996e-02    2.5157232704e-02    6.4989517820e-02    2.9350104822e-02    4.8218029350e-02
0     8.4745762712e-02    7.6271186441e-02    4.5197740113e-02    2.5423728814e-02    4.5197740113e-02    2.8248587571e-03    2.5423728814e-02    7.0621468927e-02    1.0451977401e-01    3.3898305085e-02    6.4971751412e-02    4.8022598870e-02    2.5423728814e-02    2.5423728814e-02    8.7570621469e-02    4.5197740113e-02    4.5197740113e-02    6.2146892655e-02    2.8248587571e-02    5.3672316384e-02
0     4.6913580247e-02    8.1481481481e-02    7.1604938272e-02    4.1975308642e-02    4.1975308642e-02    1.7283950617e-02    4.1975308642e-02    8.8888888889e-02    9.1358024691e-02    5.9259259259e-02    3.4567901235e-02    5.4320987654e-02    1.7283950617e-02    2.2222222222e-02    3.7037037037e-02    4.9382716049e-02    3.9506172840e-02    7.9012345679e-02    3.9506172840e-02    4.4444444444e-02
0     7.9545454545e-02    9.5454545455e-02    5.6818181818e-02    1.8181818182e-02    3.8636363636e-02    1.3636363636e-02    3.4090909091e-02    6.8181818182e-02    9.0909090909e-02    5.9090909091e-02    8.4090909091e-02    5.2272727273e-02    1.3636363636e-02    1.5909090909e-02    7.0454545455e-02    4.5454545455e-02    3.1818181818e-02    5.4545454545e-02    2.9545454545e-02    4.7727272727e-02
0     6.2314540059e-02    1.0682492582e-01    3.2640949555e-02    1.4836795252e-02    5.0445103858e-02    2.0771513353e-02    1.7804154303e-02    6.5281899110e-02    9.7922848665e-02    3.8575667656e-02    5.9347181009e-02    6.2314540059e-02    1.7804154303e-02    2.3738872404e-02    7.4183976261e-02    3.8575667656e-02    3.2640949555e-02    8.3086053412e-02    5.0445103858e-02    5.0445103858e-02
0     9.4696969697e-02    5.6818181818e-02    1.1363636364e-01    2.2727272727e-02    3.7878787879e-02    0.0000000000e+00    3.4090909091e-02    1.1742424242e-01    6.8181818182e-02    2.6515151515e-02    7.5757575758e-02    3.0303030303e-02    1.1363636364e-02    2.2727272727e-02    3.4090909091e-02    5.3030303030e-02    3.0303030303e-02    6.0606060606e-02    8.3333333333e-02    2.6515151515e-02
0     1.1464968153e-01    5.7324840764e-02    3.1847133758e-02    3.1847133758e-02    4.4585987261e-02    3.1847133758e-02    6.3694267516e-02    6.3694267516e-02    6.3694267516e-02    6.3694267516e-02    2.5477707006e-02    5.0955414013e-02    1.2738853503e-02    1.9108280255e-02    1.9108280255e-02    6.3694267516e-02    4.4585987261e-02    9.5541401274e-02    4.4585987261e-02    5.7324840764e-02
